(0, 0, <)
(0, 0, !)
(0, 0, D)
(0, 0, O)
(0, 0, C)
(0, 0, T)
(0, 0, Y)
(0, 0, P)
(0, 0, E)
(0, 0,  )
(0, 0, h)
(0, 0, t)
(0, 0, m)
(0, 0, l)
(0, 0, >)
(0, 0, 
)
(0, 0, <)
(7, 4, l)
(12, 1,  )
(9, 1, l)
(0, 0, a)
(0, 0, n)
(0, 0, g)
(0, 0, =)
(0, 0, ")
(0, 0, e)
(5, 1, n)
(3, 1, ")
(0, 0, >)
(0, 0, 
)
(0, 0, <)
(0, 0, h)
(7, 1, e)
(13, 1, a)
(0, 0, d)
(7, 2, 
)
(0, 0,  )
(1, 3,  )
(11, 1, <)
(0, 0, m)
(11, 1, e)
(0, 0, t)
(12, 1, a)
(9, 1,  )
(0, 0, c)
(0, 0, h)
(4, 1, a)
(0, 0, r)
(0, 0, s)
(9, 2, t)
(0, 0, =)
(0, 0, ")
(0, 0, U)
(0, 0, T)
(0, 0, F)
(0, 0, -)
(0, 0, 8)
(6, 1, ")
(0, 0, >)
(0, 0, 
)
(0, 0,  )
(1, 3,  )
(0, 0, <)
(0, 0, m)
(0, 0, e)
(0, 0, t)
(0, 0, a)
(9, 1,  )
(0, 0, n)
(3, 1, a)
(7, 2, e)
(0, 0, =)
(0, 0, ")
(0, 0, v)
(0, 0, i)
(12, 1, e)
(0, 0, w)
(0, 0, p)
(0, 0, o)
(0, 0, r)
(0, 0, t)
(9, 1, ")
(0, 0,  )
(0, 0, c)
(6, 1, o)
(0, 0, n)
(6, 1, t)
(12, 1, e)
(3, 2, t)
(0, 0, =)
(10, 1, ")
(0, 0, w)
(0, 0, i)
(0, 0, d)
(15, 1, t)
(0, 0, h)
(7, 1, =)
(4, 1, d)
(12, 1, e)
(0, 0, v)
(8, 1, i)
(0, 0, c)
(4, 1, e)
(0, 0, -)
(13, 5, h)
(0, 0, ,)
(0, 0,  )
(11, 1, i)
(0, 0, n)
(13, 1, i)
(7, 1, t)
(15, 1, i)
(0, 0, a)
(0, 0, l)
(15, 1, -)
(0, 0, s)
(0, 0, c)
(5, 2, l)
(0, 0, e)
(0, 0, =)
(0, 0, 1)
(0, 0, .)
(0, 0, 0)
(0, 0, ")
(0, 0, >)
(0, 0, 
)
(0, 0,  )
(1, 3,  )
(0, 0, <)
(0, 0, t)
(0, 0, i)
(2, 1, t)
(0, 0, l)
(0, 0, e)
(12, 1, >)
(0, 0, D)
(0, 0, o)
(0, 0, c)
(0, 0, u)
(0, 0, m)
(7, 1, e)
(0, 0, n)
(13, 1, t)
(15, 1, <)
(0, 0, /)
(14, 1, t)
(0, 0, i)
(5, 1, t)
(0, 0, l)
(9, 1, e)
(0, 0, >)
(0, 0, 
)
(9, 2, /)
(0, 0, h)
(15, 1, e)
(0, 0, a)
(0, 0, d)
(8, 3, <)
(0, 0, b)
(0, 0, o)
(6, 1, d)
(0, 0, y)
(15, 2, 
)
(0, 0,  )
(1, 3,  )
(12, 2, <)
(0, 0, /)
(13, 6, 
)
(8, 2, /)
(0, 0, h)
(0, 0, t)
(0, 0, m)
(0, 0, l)
(8, 1, >)